  0.25  9203.
  0.75  8880.
  1.25  9142.
  1.75  8830.
  2.25  9073.
  2.75  8988.
  3.25  9070.
  3.75  9077.
  4.25  8996.
  4.75  8987.
  5.25  8863.
  5.75  8823.
  6.25  8823.
  6.75  8804.
  7.25  8789.
  7.75  8543.
  8.25  8474.
  8.75  8411.
  9.25  8320.
  9.75  8047.
  10.25  8180.
  10.75  7920.
  11.25  7539.
  11.75  7525.
  12.25  7099.
  12.75  7061.
  13.25  6684.
  13.75  6483.
  14.25  6178.
  14.75  6029.
  15.25  5786.
  15.75  5364.
  16.25  5069.
  16.75  5017.
  17.25  4714.
  17.75  4658.
  18.25  4508.
  18.75  4198.
  19.25  4113.
  19.75  3952.
  20.25  3880.
  20.75  3737.
  21.25  3506.
  21.75  3437.
  22.25  3397.
  22.75  3254.
  23.25  3016.
  23.75  2973.
  24.25  3096.
  24.75  2689.
  25.25  2725.
  25.75  2628.
  26.25  2627.
  26.75  2489.
  27.25  2457.
  27.75  2346.
  28.25  2270.
  28.75  2144.
  29.25  2190.
  29.75  2107.
  30.25  2142.
  30.75  2015.
  31.25  1998.
  31.75  1926.
  32.25  1816.
  32.75  1816.
  33.25  1745.
  33.75  1727.
  34.25  1734.
  34.75  1591.
  35.25  1560.
  35.75  1586.
  36.25  1530.
  36.75  1490.
  37.25  1454.
  37.75  1442.
  38.25  1391.
  38.75  1352.
  39.25  1302.
  39.75  1280.
  40.25  1261.
  40.75  1268.
  41.25  1303.
  41.75  1227.
  42.25  1230.
  42.75  1163.
  43.25  1140.
  43.75  1148.
  44.25  1056.
  44.75  1057.
  45.25  1012.
  45.75  1023.
  46.25  1005.
  46.75  1027.
  47.25  991.
  47.75  998.
  48.25  938.
  48.75  937.
  49.25  868.
  49.75  879.
  50.25  873.
  50.75  864.
  51.25  827.
  51.75  814.
  52.25  829.
  52.75  799.
  53.25  809.
  53.75  787.
  54.25  783.
  54.75  811.
  55.25  762.
  55.75  712.
  56.25  710.
  56.75  718.
  57.25  705.
  57.75  676.
  58.25  689.
  58.75  635.
  59.25  653.
  59.75  651.
  60.25  688.
  60.75  578.
  61.25  606.
  61.75  635.
  62.25  592.
  62.75  593.
  63.25  551.
  63.75  618.
  64.25  554.
  64.75  598.
  65.25  552.
  65.75  556.
  66.25  544.
  66.75  581.
  67.25  478.
  67.75  498.
  68.25  473.
  68.75  503.
  69.25  470.
  69.75  506.
  70.25  469.
  70.75  469.
  71.25  486.
  71.75  419.
  72.25  461.
  72.75  454.
  73.25  433.
  73.75  486.
  74.25  441.
  74.75  440.
  75.25  413.
  75.75  422.
  76.25  444.
  76.75  431.
  77.25  413.
  77.75  419.
  78.25  388.
  78.75  403.
  79.25  387.
  79.75  417.
  80.25  395.
  80.75  403.
  81.25  384.
  81.75  380.
  82.25  379.
  82.75  358.
  83.25  363.
  83.75  340.
  84.25  345.
  84.75  319.
  85.25  333.
  85.75  330.
  86.25  335.
  86.75  305.
  87.25  345.
  87.75  356.
  88.25  337.
  88.75  307.
  89.25  297.
  89.75  339.
  90.25  315.
  90.75  333.
  91.25  323.
  91.75  311.
  92.25  306.
  92.75  320.
  93.25  294.
  93.75  270.
  94.25  287.
  94.75  269.
  95.25  299.
  95.75  259.
  96.25  279.
  96.75  287.
  97.25  266.
  97.75  239.
  98.25  284.
  98.75  271.
  99.25  265.
  99.75  273.
  100.25  278.
  100.75  240.
  101.25  242.
  101.75  208.
  102.25  229.
  102.75  241.
  103.25  248.
  103.75  238.
  104.25  236.
  104.75  230.
  105.25  237.
  105.75  266.
  106.25  220.
  106.75  220.
  107.25  204.
  107.75  235.
  108.25  222.
  108.75  202.
  109.25  224.
  109.75  195.
  110.25  192.
  110.75  255.
  111.25  191.
  111.75  217.
  112.25  217.
  112.75  190.
  113.25  211.
  113.75  202.
  114.25  181.
  114.75  209.
  115.25  178.
  115.75  184.
  116.25  175.
  116.75  175.
  117.25  166.
  117.75  166.
  118.25  181.
  118.75  203.
  119.25  198.
  119.75  154.
  120.25  173.
  120.75  166.
  121.25  160.
  121.75  190.
  122.25  179.
  122.75  178.
  123.25  173.
  123.75  181.
  124.25  203.
  124.75  178.
  125.25  162.
  125.75  178.
  126.25  146.
  126.75  199.
  127.25  137.
  127.75  177.
  128.25  153.
  128.75  166.
  129.25  149.
  129.75  172.
  130.25  144.
  130.75  141.
  131.25  155.
  131.75  150.
  132.25  147.
  132.75  137.
  133.25  157.
  133.75  177.
  134.25  133.
  134.75  139.
  135.25  150.
  135.75  135.
  136.25  117.
  136.75  129.
  137.25  149.
  137.75  136.
  138.25  123.
  138.75  142.
  139.25  140.
  139.75  40611.
