21719
21722
21727
21730
21731
21734
21739
21742
21743
21746
21751
21754
21755
21758
21763
21766
21768
21771
21776
21779
21780
21783
21788
21791
21792
21795
21800
21803
21804
21807
21812
21815
21816
21819
21824
21827
21828
21831
21836
21839
21840
21843
21848
21851
21852
21855
21860
21863
21890
21893
21898
21901
21902
21905
21910
21913
21942
21945
21950
21953
21954
21957
21962
21965
22023
22026
22031
22034
22035
22038
22043
22046
22047
22050
22055
22058
22059
22062
22067
22070
22071
22074
22079
22085
22086
22089
22094
22097
22124
22127
22132
22135
22136
22139
22144
22148
22164
22167
22172
22176
22177
22180
22185
22188
22190
22193
22198
22202
22203
22206
22211
22214
22311
22314
22319
22322
22323
22326
22331
22334
22335
22338
22345
22348
22349
22352
22357
22360
22361
22364
22369
22372
22373
22376
22385
22388
22389
22392
22397
22400
22401
22404
22409
22412
22413
22416
22421
22424
22425
22428
22433
22436
22534
22537
22542
22545
22546
22549
22554
22557
22558
22561
22566
22569
22570
22573
22578
22581
22583
22586
22591
22594
22595
22598
22603
22606
22607
22610
22615
22618
22619
22622
22627
22630
22631
22634
22639
22642
22643
22646
22651
22654
22683
22686
22691
22694
22695
22698
22703
22706
22708
22711
22716
22719
22720
22723
22728
22731
22794
22797
22802
22805
22806
22809
22814
22817
22821
22825
22832
22835
22836
22839
22846
22849
22850
22853
22858
22861
22862
22865
22870
22874
22875
22878
22883
22886
22887
22890
22895
22898
22899
22902
22907
22910
22911
22914
22919
22922
22994
22997
23002
23005
23006
23009
23014
23017
23018
23021
23028
23031
23032
23035
23040
23043
23059
23062
23067
23070
23071
23075
23082
23088
23089
23092
23097
23100
23101
23104
23109
23112
23113
23116
23121
23124
23125
23128
23134
23137
23138
23141
23146
23149
23150
23153
23158
23161
