21720
21723
21725
21728
21732
21735
21737
21740
21744
21747
21749
21752
21756
21759
21761
21764
21769
21772
21774
21777
21781
21784
21786
21789
21793
21796
21798
21801
21805
21808
21810
21813
21817
21820
21822
21825
21829
21832
21834
21837
21841
21844
21846
21849
21853
21856
21858
21861
21891
21894
21896
21899
21903
21906
21908
21911
21943
21946
21948
21951
21955
21958
21960
21963
22024
22027
22029
22032
22036
22039
22041
22044
22048
22051
22053
22056
22060
22063
22065
22068
22072
22075
22077
22083
22087
22090
22092
22095
22125
22128
22130
22133
22137
22140
22142
22146
22165
22168
22170
22174
22178
22181
22183
22186
22191
22194
22196
22199
22200
22204
22207
22209
22212
22312
22315
22317
22320
22324
22327
22329
22332
22336
22339
22341
22346
22350
22353
22355
22358
22362
22365
22367
22370
22374
22377
22383
22386
22390
22393
22395
22398
22402
22405
22407
22410
22414
22417
22419
22422
22426
22429
22431
22434
22535
22538
22540
22543
22547
22550
22552
22555
22559
22562
22564
22567
22571
22574
22576
22579
22584
22587
22589
22592
22596
22599
22601
22604
22608
22611
22613
22616
22620
22623
22625
22628
22632
22635
22637
22640
22644
22647
22649
22652
22684
22687
22689
22692
22696
22699
22701
22704
22709
22712
22714
22717
22721
22724
22726
22729
22795
22798
22800
22803
22807
22810
22812
22815
22822
22823
22826
22830
22833
22837
22840
22844
22847
22851
22854
22856
22859
22863
22866
22868
22871
22876
22879
22881
22884
22888
22891
22893
22896
22900
22903
22905
22908
22912
22915
22917
22920
22995
22998
23000
23003
23007
23010
23012
23015
23019
23024
23026
23029
23033
23036
23038
23041
23060
23063
23065
23068
23072
23073
23076
23078
23086
23090
23093
23095
23098
23102
23105
23107
23110
23114
23117
23119
23122
23126
23129
23131
23135
23139
23142
23144
23147
23151
23154
23156
23159
